Date,Open,High,Low,Close,Volume,Change
2015-01-02,159000,162000,158000,161000,101444,0.006250000000000089
2015-01-05,160500,160500,154500,155500,187535,-0.03416149068322982
2015-01-06,150000,151000,141500,146000,483546,-0.06109324758842438
2015-01-07,144000,149500,143500,147500,278830,0.010273972602739656
2015-01-08,150000,151000,143500,145000,298017,-0.016949152542372836
2015-01-09,147500,150000,145000,148500,304688,0.024137931034482696
2015-01-12,148000,151000,145500,148000,206972,-0.0033670033670033517
2015-01-13,146500,147000,143000,144000,193373,-0.027027027027026973
2015-01-14,143000,146500,141000,144000,242214,0.0
2015-01-15,146000,149000,144500,148000,191296,0.02777777777777768
2015-01-16,146000,146500,140500,142000,251821,-0.04054054054054057
2015-01-19,145500,151000,145000,150500,312069,0.059859154929577496
2015-01-20,151500,152500,148500,149500,149567,-0.006644518272425293
2015-01-21,147500,151500,147500,151500,121196,0.013377926421404673
2015-01-22,153000,158000,152000,157500,294999,0.03960396039603964
2015-01-23,161000,167000,157000,160000,427129,0.015873015873015817
2015-01-26,158000,161500,155500,159000,161860,-0.006249999999999978
2015-01-27,161000,174000,159000,172000,497167,0.08176100628930816
2015-01-28,172000,174000,170500,174000,223264,0.011627906976744207
2015-01-29,170000,171500,167000,171000,167243,-0.017241379310344862
2015-01-30,174000,175500,171000,174500,172222,0.020467836257309857
2015-02-02,179500,180500,174000,174000,199615,-0.002865329512893977
2015-02-03,177000,179000,174500,178000,215065,0.02298850574712641
2015-02-04,183000,183000,176000,179500,296754,0.008426966292134797
2015-02-05,176500,177000,172500,173500,150233,-0.03342618384401119
2015-02-06,175500,178500,172500,178000,143474,0.025936599423631135
2015-02-09,178500,184000,178500,182000,278863,0.022471910112359605
2015-02-10,181500,186500,180000,182000,190017,0.0
2015-02-11,183000,183500,176500,177000,127712,-0.027472527472527486
2015-02-12,174500,175500,171000,175000,150226,-0.011299435028248594
2015-02-13,178000,179500,175000,177000,70332,0.011428571428571344
2015-02-16,178000,180500,169500,172500,183637,-0.025423728813559365
2015-02-17,172000,178000,170500,175500,97431,0.017391304347825987
2015-02-23,176500,178500,174000,174500,89407,-0.005698005698005715
2015-02-24,175500,179500,174000,175500,95897,0.005730659025787954
2015-02-25,177000,185500,177000,184000,318935,0.04843304843304841
2015-02-26,187500,194500,185500,193500,462075,0.05163043478260865
2015-02-27,191500,197000,190500,190500,242330,-0.015503875968992276
2015-03-02,196500,199000,194000,194500,208287,0.0209973753280841
2015-03-03,193500,194500,189000,193500,139333,-0.005141388174807249
2015-03-04,194500,194500,187000,187500,108444,-0.03100775193798455
2015-03-05,187000,192500,186000,187500,135471,0.0
2015-03-06,188500,193500,188500,192000,150587,0.02400000000000002
2015-03-09,189000,197500,189000,192500,111996,0.0026041666666667407
2015-03-10,195500,200000,195000,197500,243999,0.025974025974025983
2015-03-11,195000,199500,193500,197500,138751,0.0
2015-03-12,198000,204500,197000,204500,325386,0.03544303797468351
2015-03-13,206000,207500,200500,202500,234478,-0.009779951100244544
2015-03-16,199000,200500,189000,192000,303230,-0.051851851851851816
2015-03-17,192000,198000,191000,196500,238447,0.0234375
2015-03-18,195500,196500,186500,190500,280773,-0.03053435114503822
2015-03-19,195500,199000,192500,196000,267384,0.028871391076115582
2015-03-20,193000,198500,192000,197500,111617,0.007653061224489832
2015-03-23,201500,206000,196000,196000,172130,-0.0075949367088608
2015-03-24,197500,200500,196000,197000,93150,0.005102040816326481
2015-03-25,200000,201000,195500,195500,132257,-0.0076142131979695105
2015-03-26,196500,207500,196500,205000,286517,0.04859335038363177
2015-03-27,209000,213000,202500,202500,160699,-0.012195121951219523
2015-03-30,204000,209000,200000,207500,100401,0.024691358024691468
2015-03-31,209500,213000,203500,203500,126387,-0.01927710843373498
2015-04-01,205000,208500,201000,207500,121282,0.019656019656019597
2015-04-02,215000,219000,212500,216000,333285,0.04096385542168668
2015-04-03,216500,220000,216000,219500,144174,0.01620370370370372
2015-04-06,220000,222000,214500,218500,148901,-0.004555808656036442
2015-04-07,222000,225000,216000,218000,137650,-0.0022883295194507935
2015-04-08,222000,230000,221500,230000,320251,0.05504587155963292
2015-04-09,229500,238500,227500,233500,284098,0.01521739130434785
2015-04-10,235000,238500,231500,235000,127611,0.0064239828693790635
2015-04-13,236500,244000,236000,242000,170954,0.029787234042553123
2015-04-14,242000,242500,234500,241000,161736,-0.004132231404958664
2015-04-15,244000,248500,241000,247500,162327,0.026970954356846377
2015-04-16,250000,252500,232500,236000,291600,-0.04646464646464643
2015-04-17,236000,241000,227500,237000,248140,0.004237288135593209
2015-04-20,235500,260000,235000,259500,348965,0.09493670886075956
2015-04-21,261000,261500,253000,254500,156615,-0.019267822736030782
2015-04-22,267000,274000,263500,268000,339992,0.05304518664047153
2015-04-23,268000,277000,266000,271000,154215,0.011194029850746245
2015-04-24,273500,280500,265000,271000,193513,0.0
2015-04-27,276000,277000,256000,256500,266149,-0.053505535055350606
2015-04-28,259000,266500,255500,265000,268160,0.033138401559454245
2015-04-29,268000,273000,252000,256500,288102,-0.0320754716981132
2015-04-30,259500,260000,250000,251000,205018,-0.021442495126705707
2015-05-04,253000,259000,251000,259000,120072,0.031872509960159334
2015-05-06,258500,259500,250000,254000,128259,-0.019305019305019266
2015-05-07,254500,259000,247500,249500,154928,-0.017716535433070835
2015-05-08,251000,252000,238500,243000,222678,-0.02605210420841686
2015-05-11,248000,256500,247500,253000,169095,0.04115226337448563
2015-05-12,253000,261000,250500,252000,212393,-0.0039525691699604515
2015-05-13,252000,254000,246000,252000,125288,0.0
2015-05-14,251000,251500,234500,235000,344193,-0.06746031746031744
2015-05-15,238000,240500,228500,230500,302643,-0.019148936170212738
2015-05-18,231500,237000,230500,234500,142355,0.017353579175704903
2015-05-19,235000,242500,228500,238500,209614,0.017057569296375252
2015-05-20,241000,242000,228500,229500,224025,-0.037735849056603765
2015-05-21,231000,234000,228000,229500,142652,0.0
2015-05-22,233000,241500,233000,241500,266298,0.05228758169934644
2015-05-26,245500,246500,237500,241500,139111,0.0
2015-05-27,238000,242500,231500,236500,224798,-0.020703933747411973
2015-05-28,238500,242500,237500,240500,146774,0.016913319238900604
2015-05-29,239000,241500,234000,236000,149425,-0.018711018711018657
2015-06-01,240000,243000,236500,240500,126044,0.019067796610169552
2015-06-02,242000,244000,239000,241000,133191,0.0020790020790020236
2015-06-03,244500,255000,244000,252500,255168,0.047717842323651505
2015-06-04,250500,257000,245000,255000,182180,0.00990099009900991
2015-06-05,251000,260500,249500,254500,176442,-0.0019607843137254832
2015-06-08,257500,270000,255000,268000,196216,0.05304518664047153
2015-06-09,273000,280000,266500,274000,308093,0.02238805970149249
2015-06-10,280000,282000,275000,275500,152694,0.005474452554744547
2015-06-11,280000,280500,277000,280000,155365,0.016333938294010864
2015-06-12,280500,281500,269000,272000,146457,-0.02857142857142858
2015-06-15,270000,281000,266000,275000,96958,0.011029411764705843
2015-06-16,282000,285000,273000,280500,149045,0.020000000000000018
2015-06-17,282000,293000,274500,286000,260654,0.019607843137254832
2015-06-18,290000,303000,286000,300500,338124,0.05069930069930062
2015-06-19,304000,305000,298000,298000,227689,-0.008319467554076532
2015-06-22,298000,301000,282000,282000,238490,-0.05369127516778527
2015-06-23,285000,286000,275500,281000,245787,-0.0035460992907800915
2015-06-24,283000,283000,275500,282500,163278,0.005338078291814874
2015-06-25,281500,299000,278500,295500,246625,0.046017699115044275
2015-06-26,295500,297500,288000,292500,139672,-0.010152284263959421
2015-06-29,283000,288000,277500,278000,189741,-0.04957264957264962
2015-06-30,278500,292500,278000,289000,188376,0.03956834532374098
2015-07-01,293000,302000,290500,300000,174659,0.03806228373702414
2015-07-02,304000,304000,294500,300000,144520,0.0
2015-07-03,301000,303000,295500,299500,113989,-0.0016666666666667052
2015-07-06,293500,297000,279500,279500,141595,-0.06677796327212016
2015-07-07,283500,284000,264000,271000,315204,-0.030411449016100156
2015-07-08,273500,274000,247000,252000,410250,-0.07011070110701112
2015-07-09,247000,255500,240000,254000,433829,0.007936507936507908
2015-07-10,258500,268500,252500,268500,258134,0.057086614173228245
2015-07-13,268500,269000,254000,265000,239547,-0.013035381750465591
2015-07-14,267000,269000,260000,262000,146583,-0.01132075471698113
2015-07-15,267000,278000,265000,278000,193085,0.06106870229007644
2015-07-16,283500,287000,275500,280000,213243,0.007194244604316502
2015-07-17,283500,286500,280000,283000,91751,0.010714285714285676
2015-07-20,287000,290500,278000,279500,95813,-0.012367491166077715
2015-07-21,283000,288500,280500,282500,144985,0.01073345259391778
2015-07-22,283500,288000,280500,283000,92577,0.001769911504424737
2015-07-23,281500,283000,270500,272000,182709,-0.03886925795053009
2015-07-24,269500,269500,258500,265000,167676,-0.02573529411764708
2015-07-27,261000,265000,255000,255500,137975,-0.03584905660377358
2015-07-28,253500,256500,241500,252000,224353,-0.013698630136986356
2015-07-29,259000,260000,252000,252500,131149,0.001984126984126977
2015-07-30,256000,271000,256000,262500,174819,0.03960396039603964
2015-07-31,278000,280000,245000,260500,474686,-0.007619047619047636
2015-08-03,255000,255000,224000,225000,488854,-0.1362763915547025
2015-08-04,222000,236500,221500,232500,327643,0.03333333333333344
2015-08-05,230500,244000,230000,243500,173801,0.047311827956989294
2015-08-06,242500,248000,238000,242500,116881,-0.004106776180698102
2015-08-07,243500,243500,234500,240500,98207,-0.008247422680412342
2015-08-10,240500,241500,223500,225000,203657,-0.0644490644490644
2015-08-11,232000,242000,230500,232000,218391,0.03111111111111109
2015-08-12,225000,232500,221000,228500,221358,-0.015086206896551713
2015-08-13,233500,241000,229500,238500,140296,0.043763676148796504
2015-08-17,239500,243000,237500,240500,107188,0.008385744234800763
2015-08-18,240500,241000,230000,230000,103377,-0.043659043659043606
2015-08-19,231000,232000,220500,227000,185134,-0.013043478260869601
2015-08-20,224500,231500,223500,227000,163404,0.0
2015-08-21,222500,233500,216000,227500,235591,0.0022026431718060735
2015-08-24,220000,228500,216500,223000,221102,-0.01978021978021982
2015-08-25,220500,225000,212000,221000,342485,-0.008968609865470878
2015-08-26,223000,233000,218000,231500,216418,0.04751131221719462
2015-08-27,231500,241000,230000,235500,200293,0.017278617710583255
2015-08-28,257500,258000,245500,247500,260784,0.05095541401273884
2015-08-31,247500,250000,245000,247000,152280,-0.002020202020202033
2015-09-01,252000,256500,248000,251000,177865,0.0161943319838056
2015-09-02,241000,246000,235500,243000,205461,-0.031872509960159334
2015-09-03,247000,249500,236500,239000,108382,-0.016460905349794275
2015-09-04,241500,247000,239500,242000,141012,0.012552301255230214
2015-09-07,239000,245500,238000,242000,101708,0.0
2015-09-08,242500,244000,231000,233000,136887,-0.037190082644628086
2015-09-09,237000,253000,235500,252500,233465,0.08369098712446355
2015-09-10,247000,255500,247000,255500,163123,0.011881188118811892
2015-09-11,256500,266000,252500,261500,120576,0.023483365949119372
2015-09-14,265500,274500,258500,272000,242045,0.040152963671128195
2015-09-15,270500,271000,262000,270000,157280,-0.007352941176470562
2015-09-16,273500,284500,269500,277500,208569,0.02777777777777768
2015-09-17,282000,287000,277500,280500,168749,0.0108108108108107
2015-09-18,282000,284500,275500,276500,130725,-0.014260249554367221
2015-09-21,267000,274000,267000,270500,94875,-0.02169981916817365
2015-09-22,275500,277500,269500,271000,111286,0.001848428835489857
2015-09-23,266500,275000,258000,259000,172641,-0.044280442804428
2015-09-24,259500,267500,259000,264000,107782,0.019305019305019266
2015-09-25,269500,269500,262000,262000,86428,-0.007575757575757569
2015-09-30,259000,270000,250000,270000,257238,0.03053435114503822
2015-10-01,267000,270000,263000,266500,134875,-0.012962962962962954
2015-10-02,266000,269500,260000,267000,126253,0.0018761726078799779
2015-10-05,269500,278500,268000,273500,168026,0.02434456928838946
2015-10-06,278000,282000,271000,274000,133476,0.001828153564899404
2015-10-07,275000,279000,273500,277500,107419,0.012773722627737127
2015-10-08,279500,280000,263000,264000,170281,-0.048648648648648596
2015-10-12,267000,273500,265500,271000,144496,0.026515151515151603
2015-10-13,270500,271000,262000,265000,142693,-0.022140221402214055
2015-10-14,261000,264000,256000,258000,111645,-0.026415094339622636
2015-10-15,258500,271500,258000,271000,145018,0.050387596899224896
2015-10-16,271000,279000,270000,273500,92161,0.009225092250922495
2015-10-19,277500,277500,264000,267000,127329,-0.02376599634369292
2015-10-20,268000,268000,260000,263000,109698,-0.014981273408239737
2015-10-21,265000,266500,262000,263500,82579,0.0019011406844107182
2015-10-22,260500,263500,255500,256000,100648,-0.028462998102466774
2015-10-23,263000,273500,263000,273000,186459,0.06640625
2015-10-26,275000,286000,274000,286000,210331,0.04761904761904767
2015-10-27,286500,286500,278000,283000,107299,-0.010489510489510523
2015-10-28,282500,290500,275000,281000,132269,-0.007067137809187329
2015-10-29,283500,284000,275000,279000,111443,-0.007117437722419906
2015-10-30,258000,267500,240500,240500,842765,-0.13799283154121866
2015-11-02,244000,251500,240000,243500,331201,0.012474012474012364
2015-11-03,243500,248500,240500,240500,216007,-0.012320328542094416
2015-11-04,243000,249500,243000,249500,180878,0.03742203742203731
2015-11-05,254000,255500,246000,246500,186077,-0.012024048096192397
2015-11-06,245000,250500,244000,244500,96553,-0.008113590263691739
2015-11-09,241000,241500,230500,231500,217553,-0.053169734151329195
2015-11-10,228500,234000,228500,229500,136613,-0.008639308855291628
2015-11-11,230000,233000,222000,227000,174929,-0.01089324618736387
2015-11-12,225000,228500,223500,225000,79423,-0.008810572687224627
2015-11-13,219500,227500,219500,226000,83185,0.004444444444444473
2015-11-16,217000,228000,217000,224500,83459,-0.006637168141592875
2015-11-17,231500,232500,228000,230000,131388,0.024498886414253906
2015-11-18,230500,232000,228000,230000,101759,0.0
2015-11-19,233000,242000,233000,240000,173823,0.04347826086956519
2015-11-20,240500,249500,240500,245500,154339,0.022916666666666696
2015-11-23,247000,250500,246500,248500,104629,0.012219959266802416
2015-11-24,248000,251000,245000,249000,108815,0.002012072434607548
2015-11-25,250500,252500,246500,249000,55593,0.0
2015-11-26,248000,250000,243000,246500,96013,-0.010040160642570295
2015-11-27,247500,250000,244000,247000,45471,0.0020283975659229903
2015-11-30,245500,248000,240000,240500,137570,-0.02631578947368418
2015-12-01,241000,250500,240500,250000,110805,0.03950103950103956
2015-12-02,250000,250500,245500,246000,73964,-0.016000000000000014
2015-12-03,243000,247500,240500,246500,96270,0.00203252032520318
2015-12-04,242500,245000,241000,241500,63721,-0.020283975659229236
2015-12-07,244000,246500,236500,236500,79566,-0.020703933747411973
2015-12-08,236000,238500,230000,236500,83365,0.0
2015-12-09,238500,244500,236500,237000,109654,0.0021141649048626032
2015-12-10,235500,237000,232000,232000,99627,-0.021097046413502074
2015-12-11,232000,236000,228500,230000,124956,-0.008620689655172376
2015-12-14,225500,233500,225500,232000,94811,0.008695652173912993
2015-12-15,231500,233500,215500,221000,267623,-0.04741379310344829
2015-12-16,224000,235000,221000,234500,203908,0.06108597285067874
2015-12-17,235000,236000,229500,231500,103100,-0.01279317697228144
2015-12-18,231000,239000,229500,239000,108768,0.03239740820734349
2015-12-21,237500,241000,236500,239500,57121,0.0020920502092049986
2015-12-22,241500,242000,237500,241000,47547,0.006263048016701411
2015-12-23,242000,246000,241000,243500,126737,0.010373443983402453
2015-12-24,247500,247500,243500,243500,60501,0.0
2015-12-28,243500,245000,235500,236500,73625,-0.028747433264887046
2015-12-29,237000,243000,236500,240500,57444,0.016913319238900604
2015-12-30,240500,245500,239000,243500,75309,0.012474012474012364
2016-01-04,248000,255500,245000,245000,228166,0.006160164271047153
2016-01-05,246000,254000,245500,250000,204402,0.020408163265306145
2016-01-06,251500,262000,250000,260000,253335,0.040000000000000036
2016-01-07,257000,260000,253000,253500,125124,-0.025000000000000022
2016-01-08,249500,265000,249500,264500,152703,0.04339250493096647
2016-01-11,261000,266500,256000,258000,95112,-0.02457466918714557
2016-01-12,260500,266000,260000,262000,112148,0.015503875968992276
2016-01-13,265000,265000,258000,260500,92364,-0.005725190839694694
2016-01-14,254500,256000,247000,256000,183802,-0.017274472168905985
2016-01-15,259000,259000,247000,248500,88520,-0.029296875
2016-01-18,246000,255000,245000,254000,83932,0.02213279678068414
2016-01-19,254000,256000,248000,255000,87605,0.003937007874015741
2016-01-20,255000,256000,238500,242000,113742,-0.050980392156862786
2016-01-21,245500,253500,242000,252500,116779,0.04338842975206614
2016-01-22,255000,256000,242000,248000,107621,-0.017821782178217838
2016-01-25,251500,261500,248000,259000,189115,0.04435483870967749
2016-01-26,256500,258000,250000,251500,208009,-0.02895752895752901
2016-01-27,258500,269500,256500,269500,230835,0.07157057654075549
2016-01-28,267500,276000,264000,270500,158809,0.0037105751391466324
2016-01-29,274000,275500,268500,275000,95754,0.01663585951940849
2016-02-01,276000,277500,269500,277500,111901,0.009090909090909038
2016-02-02,274000,274500,264500,274500,158071,-0.010810810810810811
2016-02-03,277500,285000,277000,282500,317167,0.02914389799635697
2016-02-04,283500,293000,277500,293000,173973,0.03716814159292037
2016-02-05,293000,293000,284000,287500,112141,-0.018771331058020424
2016-02-11,280000,284000,276000,280000,111994,-0.02608695652173909
2016-02-12,278500,279500,266500,269000,184778,-0.03928571428571426
2016-02-15,273000,277500,270500,270500,117904,0.005576208178438735
2016-02-16,274000,288500,274000,285500,113628,0.055452865064695045
2016-02-17,283000,289000,280500,283500,117316,-0.007005253940455369
2016-02-18,289500,294500,280500,284500,130476,0.003527336860670305
2016-02-19,283500,294000,281000,294000,123626,0.033391915641476366
2016-02-22,294000,306500,292000,305000,212523,0.03741496598639449
2016-02-23,307500,313500,305000,309500,170645,0.014754098360655776
2016-02-24,306500,313500,304000,307000,89056,-0.008077544426494332
2016-02-25,310500,315500,306000,309500,138259,0.008143322475570036
2016-02-26,312500,313500,304500,311000,83433,0.004846526655896577
2016-02-29,311000,322000,308500,319500,136425,0.027331189710610992
2016-03-02,329500,334500,326500,331000,183097,0.03599374021909241
2016-03-03,331000,332000,316000,316500,199895,-0.04380664652567978
2016-03-04,316000,319500,309000,313500,181844,-0.009478672985781977
2016-03-07,317000,324000,313500,316000,111675,0.00797448165869219
2016-03-08,316000,323000,311500,316000,81511,0.0
2016-03-09,318000,319000,308000,310000,103424,-0.01898734177215189
2016-03-10,316500,323500,313500,321000,187225,0.03548387096774186
2016-03-11,319500,321000,314000,315500,77702,-0.01713395638629278
2016-03-14,320000,330000,319500,326500,120805,0.034865293185419866
2016-03-15,325000,329500,316500,320000,114595,-0.019908116385911168
2016-03-16,320000,323000,309000,309500,146516,-0.03281250000000002
2016-03-17,314500,326000,314000,325500,164668,0.05169628432956386
2016-03-18,333000,334000,324000,324000,131675,-0.004608294930875556
2016-03-21,327500,329000,320500,328500,83685,0.01388888888888884
2016-03-22,328500,330000,315000,320000,115648,-0.025875190258751957
2016-03-23,322500,327000,319500,320500,98350,0.0015624999999999112
2016-03-24,320500,328000,319500,325500,116128,0.015600624024961096
2016-03-25,328000,343000,327000,339000,146891,0.041474654377880116
2016-03-28,340500,345500,338500,344000,101764,0.014749262536873253
2016-03-29,348000,348500,341000,346500,88089,0.007267441860465018
2016-03-30,346500,357000,344000,349500,131140,0.008658008658008587
2016-03-31,351500,353000,337500,341500,123716,-0.022889842632331958
2016-04-01,340500,346000,333000,336000,128519,-0.016105417276720324
2016-04-04,335000,340000,328500,337500,106742,0.0044642857142858094
2016-04-05,333500,336000,321500,324000,163149,-0.040000000000000036
2016-04-06,324000,332500,322000,326500,121614,0.007716049382715973
2016-04-07,333000,334500,327500,331000,82967,0.013782542113323082
2016-04-08,327000,329000,315000,329000,200029,-0.0060422960725075026
2016-04-11,330000,330500,321000,322000,111627,-0.021276595744680882
2016-04-12,321000,324500,316000,323000,131070,0.0031055900621117516
2016-04-14,332000,334000,325500,330000,239439,0.021671826625387025
2016-04-15,329000,337000,324500,327000,138410,-0.009090909090909038
2016-04-18,323000,324000,317500,321500,131945,-0.016819571865443472
2016-04-19,322000,324500,315000,316500,144803,-0.015552099533437058
2016-04-20,319000,319500,310500,310500,215514,-0.018957345971563955
2016-04-21,313500,319000,303500,317000,272372,0.02093397745571668
2016-04-22,315000,317000,310500,312500,101664,-0.014195583596214534
2016-04-25,312000,312000,305000,307000,127155,-0.01759999999999995
2016-04-26,308000,310500,302000,305500,104415,-0.004885993485342022
2016-04-27,306000,312000,305500,308000,96111,0.008183306055646433
2016-04-28,308500,314500,299000,301500,176970,-0.02110389610389607
2016-04-29,301500,303500,291000,292500,229837,-0.02985074626865669
2016-05-02,292000,298000,291500,292000,98495,-0.0017094017094017033
2016-05-03,293000,300000,292000,292000,127810,0.0
2016-05-04,290500,296500,289500,291500,165644,-0.001712328767123239
2016-05-09,289000,291000,279500,283000,205055,-0.029159519725557415
2016-05-10,282500,291500,273000,288000,222189,0.0176678445229681
2016-05-11,294500,301000,291500,300000,211518,0.04166666666666674
2016-05-12,297500,301000,293500,299000,84659,-0.0033333333333332993
2016-05-13,300500,301000,288000,289000,99454,-0.03344481605351168
2016-05-16,285500,291500,284500,288500,98813,-0.0017301038062284002
2016-05-17,292500,292500,283000,283000,97077,-0.01906412478336217
2016-05-18,281500,293000,273500,288500,182367,0.019434628975264934
2016-05-19,290000,290000,284000,284500,90182,-0.013864818024263426
2016-05-20,282500,285500,277500,279500,101709,-0.017574692442882234
2016-05-23,284000,292000,282000,289500,102172,0.035778175313059046
2016-05-24,287000,287500,275000,275000,235779,-0.050086355785837644
2016-05-25,281000,281500,275500,277000,193996,0.0072727272727273196
2016-05-26,280000,283500,278000,281500,168459,0.016245487364620947
2016-05-27,281500,293000,281500,292500,170387,0.039076376554174175
2016-05-30,292000,292500,281000,283000,160859,-0.032478632478632474
2016-05-31,284000,285500,280500,284000,89009,0.0035335689045936647
2016-06-01,283500,284500,276500,277500,112081,-0.022887323943661997
2016-06-02,279000,282000,277000,279000,83402,0.00540540540540535
2016-06-03,280500,280500,269000,270000,152469,-0.032258064516129004
2016-06-07,270000,270000,258500,260500,355147,-0.03518518518518521
2016-06-08,264500,268500,262000,263000,257274,0.009596928982725572
2016-06-09,267000,268500,264000,268500,208500,0.02091254752851701
2016-06-10,268000,275000,267000,268500,121297,0.0
2016-06-13,259500,262000,255500,258000,173973,-0.03910614525139666
2016-06-14,260500,262000,249000,255000,240987,-0.011627906976744207
2016-06-15,257500,264500,256000,260000,221899,0.019607843137254832
2016-06-16,261500,272000,256000,266500,240412,0.02499999999999991
2016-06-17,268000,272500,266000,268500,152266,0.007504690431519689
2016-06-20,274000,286000,273500,283500,206490,0.05586592178770955
2016-06-21,280000,281000,275000,277000,173107,-0.022927689594356315
2016-06-22,279000,289000,278500,284000,198049,0.025270758122743597
2016-06-23,280000,285000,276500,282000,115525,-0.007042253521126751
2016-06-24,284000,286500,265500,268500,274165,-0.0478723404255319
2016-06-27,263000,271500,261500,269500,106909,0.003724394785847407
2016-06-28,266000,270000,264000,265500,179063,-0.014842300556586308
2016-06-29,270500,282000,270000,277500,211535,0.04519774011299438
2016-06-30,283000,284500,275000,283000,153323,0.01981981981981984
2016-07-01,283000,288000,280500,285500,105178,0.008833922261484162
2016-07-04,286500,296000,286000,294500,133733,0.031523642732049106
2016-07-05,292000,296000,290500,290500,89277,-0.01358234295415961
2016-07-06,289000,289500,279500,282000,129483,-0.029259896729776247
2016-07-07,285000,287500,280500,281000,61526,-0.0035460992907800915
2016-07-08,281500,282500,276000,281000,74743,0.0
2016-07-11,282000,290500,277500,289000,99280,0.028469750889679624
2016-07-12,289000,291500,287000,290000,78618,0.0034602076124568004
2016-07-13,292500,294500,286500,290000,78362,0.0
2016-07-14,290500,292500,288500,292500,77651,0.008620689655172376
2016-07-15,293000,295500,290500,292000,81825,-0.0017094017094017033
2016-07-18,293000,299000,291500,299000,109894,0.023972602739726012
2016-07-19,298500,298500,286500,289000,124408,-0.03344481605351168
2016-07-20,289500,295500,288000,289000,102398,0.0
2016-07-21,291500,299000,285500,285500,150953,-0.01211072664359858
2016-07-22,287000,290000,282000,282500,80125,-0.010507880910682998
2016-07-25,284500,289000,279500,288000,80328,0.019469026548672552
2016-07-26,290000,298000,288500,292500,116113,0.015625
2016-07-27,292000,292500,286500,288000,92864,-0.01538461538461533
2016-07-28,288000,295000,286500,295000,113724,0.02430555555555558
2016-07-29,301500,312500,296500,303500,386773,0.028813559322034
2016-08-01,305000,317000,302500,317000,178476,0.04448105436573302
2016-08-02,315000,318500,311000,317500,91191,0.001577287066246047
2016-08-03,313000,316000,303500,303500,128855,-0.04409448818897643
2016-08-04,308000,309500,301500,302000,72364,-0.0049423393739703725
2016-08-05,303000,305000,296500,301000,85838,-0.0033112582781457123
2016-08-08,302000,306500,300000,301000,78751,0.0
2016-08-09,302000,309000,298000,307500,90111,0.021594684385382035
2016-08-10,307000,311500,304500,305000,91838,-0.008130081300813052
2016-08-11,304000,308000,299000,303000,74088,-0.006557377049180357
2016-08-12,306000,311500,303000,304500,63429,0.004950495049504955
2016-08-16,305500,307500,302000,303000,71731,-0.0049261083743842304
2016-08-17,302000,302500,291000,296000,134985,-0.02310231023102305
2016-08-18,296000,297500,287500,288500,130920,-0.02533783783783783
2016-08-19,291000,294000,287500,293000,98057,0.015597920277296451
2016-08-22,292500,295000,281500,283000,112112,-0.03412969283276446
2016-08-23,281000,284000,273000,277000,210241,-0.021201413427561877
2016-08-24,277000,282500,274000,276000,135482,-0.0036101083032491488
2016-08-25,277500,281000,276500,281000,91850,0.018115942028985588
2016-08-26,281000,283000,277500,282500,83336,0.005338078291814874
2016-08-29,278500,279500,269000,271000,120921,-0.04070796460176995
2016-08-30,271000,275000,269500,270500,76957,-0.0018450184501844769
2016-08-31,267500,271500,263500,268000,160877,-0.009242144177449174
2016-09-01,270000,277500,267000,273500,105951,0.020522388059701413
2016-09-02,275500,279000,273500,277000,100044,0.01279707495429605
2016-09-05,278500,284000,278000,280500,67491,0.012635379061371799
2016-09-06,281500,282000,271500,274000,99274,-0.02317290552584672
2016-09-07,274000,277000,272000,272500,59595,-0.005474452554744547
2016-09-08,273000,276500,272000,272000,73613,-0.0018348623853210455
2016-09-09,271000,274000,269500,272000,58313,0.0
2016-09-12,270000,274500,269000,269000,66639,-0.011029411764705843
2016-09-13,272000,278000,268000,275500,132356,0.024163568773234223
2016-09-19,271000,279000,266500,277500,125313,0.007259528130671544
2016-09-20,274000,280500,271000,279000,84863,0.00540540540540535
2016-09-21,281000,282000,274500,280000,77235,0.0035842293906809264
2016-09-22,284000,291000,283500,286000,120672,0.021428571428571352
2016-09-23,289500,291000,286500,287500,68767,0.005244755244755206
2016-09-26,285000,288000,282500,286500,68759,-0.003478260869565264
2016-09-27,286500,290000,280000,288500,94189,0.00698080279232105
2016-09-28,286000,296000,286000,291500,138396,0.010398613518197486
2016-09-29,298500,304000,296000,301000,153851,0.032590051457976
2016-09-30,298500,304500,297500,298000,94580,-0.009966777408637828
2016-10-04,300500,309000,299500,308000,111030,0.033557046979865834
2016-10-05,305500,307000,303000,303000,75654,-0.016233766233766267
2016-10-06,303000,305500,295500,300500,89960,-0.008250825082508295
2016-10-07,302500,311000,299500,303500,89210,0.009983361064891838
2016-10-10,306000,308000,300500,301500,82214,-0.00658978583196046
2016-10-11,306500,313500,304500,311000,183704,0.031509121061359835
2016-10-12,309500,314500,307500,310500,98727,-0.001607717041800627
2016-10-13,310000,310000,296000,296500,138911,-0.04508856682769724
2016-10-14,299500,304000,298000,302000,77745,0.018549747048903775
2016-10-17,305000,311000,303500,309500,84381,0.024834437086092676
2016-10-18,315000,318000,311000,316000,152940,0.02100161550888524
2016-10-19,315000,315500,307000,309000,109962,-0.022151898734177222
2016-10-20,309500,311000,304000,307000,76605,-0.006472491909385147
2016-10-21,307500,310500,303500,307500,64056,0.0016286644951140072
2016-10-24,307500,310000,304000,305500,36618,-0.006504065040650375
2016-10-25,308000,312000,305500,310500,55565,0.016366612111292866
2016-10-26,308500,309000,299500,300000,67642,-0.033816425120772986
2016-10-27,302000,304000,297000,300000,53186,0.0
2016-10-28,299500,302000,296000,299000,56474,-0.0033333333333332993
2016-10-31,298500,300500,287500,288500,118382,-0.03511705685618727
2016-11-01,288000,297500,287000,294000,93937,0.01906412478336228
2016-11-02,291500,296500,287500,289500,71388,-0.015306122448979553
2016-11-03,289500,297000,287500,294500,81821,0.017271157167530138
2016-11-04,296000,296500,289000,291500,62037,-0.01018675721561968
2016-11-07,296500,302500,294000,302000,72250,0.036020583190394584
2016-11-08,302500,303500,299000,302000,45273,0.0
2016-11-09,302000,304000,281500,291000,167120,-0.03642384105960261
2016-11-10,297500,306000,296000,304000,135512,0.04467353951890041
2016-11-11,303500,313500,301500,310500,160497,0.021381578947368363
2016-11-14,310500,325500,310500,321000,201855,0.033816425120772875
2016-11-15,323000,325000,316000,318500,107953,-0.007788161993769416
2016-11-16,324000,324500,316500,317500,69087,-0.0031397174254317317
2016-11-17,315000,318500,313500,316000,37289,-0.0047244094488189115
2016-11-18,318000,319000,311500,316500,51469,0.0015822784810126667
2016-11-21,319000,326000,317500,321000,93093,0.014218009478673022
2016-11-22,324500,330000,321000,327500,68406,0.02024922118380057
2016-11-23,325000,332000,323500,329500,95856,0.006106870229007688
2016-11-24,328000,329500,324000,325500,77066,-0.012139605462822445
2016-11-25,328000,328000,318500,322000,55292,-0.010752688172043001
2016-11-28,320500,328000,320000,323500,58652,0.004658385093167627
2016-11-29,323500,326000,319500,323500,62361,0.0
2016-11-30,321500,326000,316000,321500,124263,-0.0061823802163832875
2016-12-01,325500,343000,324000,340000,177336,0.05754276827371685
2016-12-02,336500,340000,328000,338500,128789,-0.004411764705882337
2016-12-05,339000,343000,334000,334000,65801,-0.013293943870014813
2016-12-06,341000,357000,339500,350500,176448,0.04940119760479034
2016-12-07,350000,355500,347000,349500,84554,-0.0028530670470755526
2016-12-08,357000,363000,349500,363000,110995,0.03862660944205998
2016-12-09,357000,361500,356500,360000,74046,-0.008264462809917328
2016-12-12,366500,368500,346500,351500,155375,-0.023611111111111138
2016-12-13,351500,358500,351000,358500,104712,0.019914651493598834
2016-12-14,356000,358500,346500,348000,100305,-0.029288702928870314
2016-12-15,343500,357500,343500,354500,88749,0.018678160919540332
2016-12-16,354500,356500,349500,350000,73637,-0.012693935119887145
2016-12-19,350500,354000,347000,348000,56446,-0.005714285714285672
2016-12-20,349000,351000,342500,344500,92464,-0.010057471264367845
2016-12-21,344500,356500,344500,350500,111481,0.01741654571843254
2016-12-22,350500,353500,346000,347500,46255,-0.008559201141226769
2016-12-23,348500,358000,346000,356000,77072,0.02446043165467615
2016-12-26,358000,359000,346000,347000,73169,-0.0252808988764045
2016-12-27,349000,356500,349000,354500,77453,0.021613832853025983
2016-12-28,356000,365000,353000,363500,99283,0.02538787023977429
2016-12-29,365000,370000,360000,369000,83867,0.015130674002751032
2017-01-02,370000,384000,369000,383500,83549,0.039295392953929476
2017-01-03,382000,386000,379000,385500,88385,0.0052151238591917615
2017-01-04,382500,384500,370500,373500,124236,-0.0311284046692607
2017-01-05,373500,374500,364000,372000,113002,-0.004016064257028162
2017-01-06,369500,372000,367000,369500,75013,-0.006720430107526876
2017-01-09,372500,386500,372000,381500,125560,0.03247631935047357
2017-01-10,378000,378500,373000,375000,88423,-0.017038007863695914
2017-01-11,377500,390000,377000,389500,130958,0.03866666666666663
2017-01-12,394000,399000,388000,395500,111851,0.015404364569961526
2017-01-13,395000,396000,386000,388500,68693,-0.017699115044247815
2017-01-16,390000,390500,383500,386000,70534,-0.006435006435006385
2017-01-17,386000,394000,386000,393500,62431,0.01943005181347157
2017-01-18,391500,393500,380000,381000,101465,-0.031766200762388785
2017-01-19,381500,385000,369500,383500,171711,0.006561679790026309
2017-01-20,383500,384500,372500,376500,89260,-0.018252933507170832
2017-01-23,378500,387000,377500,385500,82804,0.0239043824701195
2017-01-24,383000,389000,379500,383500,56113,-0.005188067444876765
2017-01-25,387000,392000,385000,391000,88082,0.019556714471968606
2017-01-26,393000,398000,387000,392500,64007,0.0038363171355497716
2017-01-31,390500,392000,376500,376500,97755,-0.040764331210191074
2017-02-01,377500,391000,377500,388500,74125,0.031872509960159334
2017-02-02,385500,397500,385000,395500,97319,0.018018018018018056
2017-02-03,400000,407500,388000,393500,198181,-0.005056890012642201
2017-02-06,397500,399500,388500,393500,78370,0.0
2017-02-07,393500,394000,385000,386500,65774,-0.017789072426937724
2017-02-08,388000,388000,380000,383000,111121,-0.009055627425614499
2017-02-09,385000,395500,384000,392000,94516,0.023498694516971286
2017-02-10,396000,409500,394500,407000,167276,0.03826530612244894
2017-02-13,409000,409500,403500,405000,56720,-0.004914004914004955
2017-02-14,408500,410000,397500,398000,60489,-0.01728395061728394
2017-02-15,399000,404000,395000,397500,80085,-0.0012562814070351536
2017-02-16,395500,399500,385000,391000,131896,-0.01635220125786163
2017-02-17,392000,397000,388500,392500,76600,0.0038363171355497716
2017-02-20,391000,391000,376500,377500,193074,-0.03821656050955413
2017-02-21,377000,383500,370500,383500,252581,0.015894039735099286
2017-02-22,372000,379000,372000,376500,917212,-0.018252933507170832
2017-02-23,377000,382000,373000,379500,161629,0.007968127490039834
2017-02-24,379000,381500,361000,362500,278996,-0.044795783926218746
2017-02-27,359500,369500,348500,365000,334076,0.006896551724137945
2017-02-28,362000,372500,362000,364500,127696,-0.00136986301369868
2017-03-02,371500,373500,366500,372500,164910,0.021947873799725626
2017-03-03,370000,373000,363500,365500,112065,-0.018791946308724827
2017-03-06,363000,367000,347000,365500,241254,0.0
2017-03-07,362500,376000,362500,372000,112119,0.017783857729138264
2017-03-08,371000,377500,364500,374500,134710,0.006720430107526987
2017-03-09,371500,374000,366500,368000,95997,-0.01735647530040052
2017-03-10,369000,375000,367000,372000,90329,0.010869565217391353
2017-03-13,368000,368000,360000,361500,192104,-0.028225806451612878
2017-03-14,364000,368500,361500,362500,92968,0.0027662517289073207
2017-03-15,364500,368000,362500,364500,78493,0.0055172413793103114
2017-03-16,371500,383500,369500,378500,210275,0.03840877914951979
2017-03-17,380000,380000,369500,375500,85825,-0.00792602377807139
2017-03-20,376000,376500,365000,368000,81089,-0.01997336884154466
2017-03-21,371000,372500,366000,371500,103835,0.009510869565217295
2017-03-22,368000,368000,358000,361500,193143,-0.026917900403768513
2017-03-23,363000,366500,353000,354000,168169,-0.020746887966805017
2017-03-24,357000,360000,353000,355000,100953,0.0028248587570620654
2017-03-27,354000,356500,349000,350000,105585,-0.014084507042253502
2017-03-28,352500,361500,351500,360000,154777,0.02857142857142847
2017-03-29,363000,364000,360000,362500,87476,0.00694444444444442
2017-03-30,363000,369000,363000,364000,84593,0.004137931034482678
2017-03-31,365000,373500,364500,370500,135668,0.017857142857142794
2017-04-03,375000,375000,366000,368500,84584,-0.005398110661268607
2017-04-04,370500,371000,364500,367000,92858,-0.004070556309362261
2017-04-05,370500,376500,367000,372000,132556,0.013623978201634968
2017-04-06,371500,373500,367000,369000,68255,-0.008064516129032251
2017-04-07,370000,375000,367000,375000,105165,0.016260162601626105
2017-04-10,372500,372500,362000,363000,133103,-0.03200000000000003
2017-04-11,365000,369000,357000,359000,114408,-0.011019283746556474
2017-04-12,359500,361000,355500,357500,80712,-0.004178272980501441
2017-04-13,356000,356500,343500,346500,285393,-0.03076923076923077
2017-04-14,350500,354000,347000,349000,89106,0.00721500721500723
2017-04-17,350500,353500,348000,350000,62792,0.002865329512893977
2017-04-18,352000,352500,341000,341000,168223,-0.02571428571428569
2017-04-19,341000,345000,340000,340500,91178,-0.0014662756598240456
2017-04-20,344000,345500,339500,345000,165140,0.013215859030837107
2017-04-21,344500,356500,344500,352500,211588,0.021739130434782705
2017-04-24,355500,359000,352500,354000,82535,0.004255319148936065
2017-04-25,355500,358000,350000,357000,118371,0.008474576271186418
2017-04-26,358000,363000,358000,358000,98532,0.0028011204481792618
2017-04-27,358000,358000,347500,351500,205182,-0.018156424581005637
2017-04-28,345000,347000,341000,342000,209249,-0.027027027027026973
2017-05-02,342000,358000,341500,357500,235616,0.04532163742690054
2017-05-04,357500,361000,351500,352500,126596,-0.013986013986013957
2017-05-08,354000,355000,345500,351500,203393,-0.0028368794326241176
2017-05-10,354000,356500,345500,345500,232963,-0.017069701280227556
2017-05-11,348500,353000,347500,350000,149925,0.013024602026049159
2017-05-12,349000,354000,349000,352000,102770,0.005714285714285783
2017-05-15,353500,354000,342500,345000,225317,-0.019886363636363646
2017-05-16,347000,349500,342000,348500,161891,0.010144927536231974
2017-05-17,346500,350500,346500,348000,113315,-0.0014347202295552641
2017-05-18,344000,348000,341000,344500,125863,-0.010057471264367845
2017-05-19,344500,351500,344000,351000,114090,0.018867924528301883
2017-05-22,356000,376000,355500,373500,446013,0.0641025641025641
2017-05-23,372000,375000,367500,369500,145300,-0.010709504685408322
2017-05-24,371000,373000,362000,364000,157962,-0.014884979702300405
2017-05-25,368500,377500,367500,376500,260342,0.03434065934065944
2017-05-26,374000,380000,370500,376000,175841,-0.0013280212483399723
2017-05-29,379500,380500,370000,373000,207018,-0.007978723404255317
2017-05-30,369500,372000,361000,362000,212327,-0.029490616621983934
2017-05-31,362500,364000,359000,360500,130377,-0.004143646408839796
2017-06-01,363500,364000,359500,362500,112355,0.00554785020804438
2017-06-02,363500,364000,353000,354000,254466,-0.02344827586206899
2017-06-05,355000,356500,348000,350000,199660,-0.011299435028248594
2017-06-07,352000,353000,346500,347500,220235,-0.0071428571428571175
2017-06-08,346500,353000,340000,353000,279941,0.015827338129496438
2017-06-09,352000,358500,351000,352000,194354,-0.0028328611898017497
2017-06-12,355000,356000,347000,347000,129167,-0.014204545454545414
2017-06-13,347500,351000,346000,349000,119823,0.0057636887608070175
2017-06-14,350000,350000,340500,343500,270934,-0.015759312320916874
2017-06-15,342500,342500,329000,332500,307444,-0.03202328966521106
2017-06-16,334500,338500,332500,333500,157058,0.003007518796992459
2017-06-19,336000,337000,329500,330000,154149,-0.010494752623688153
2017-06-20,330000,330500,322500,325000,163102,-0.015151515151515138
2017-06-21,324000,336500,323500,336500,192631,0.03538461538461535
2017-06-22,335500,342500,329500,342500,223083,0.017830609212481363
2017-06-23,341500,341500,335500,338000,117352,-0.013138686131386912
2017-06-26,335000,342000,335000,337500,99108,-0.0014792899408283544
2017-06-27,338000,343000,334000,334000,154997,-0.010370370370370363
2017-06-28,335500,339000,329000,329500,145971,-0.013473053892215536
2017-06-29,332500,335500,330500,330500,121924,0.003034901365705611
2017-06-30,330500,345000,328500,344000,254326,0.0408472012102874
2017-07-03,345500,354000,342500,353500,248086,0.02761627906976738
2017-07-04,357500,358000,348000,349000,143514,-0.012729844413012725
2017-07-05,349000,351500,341000,350000,138825,0.002865329512893977
2017-07-06,346000,349500,341000,347500,148046,-0.0071428571428571175
2017-07-07,344500,351000,342500,350000,126839,0.007194244604316502
2017-07-10,349500,350500,342500,347000,99682,-0.008571428571428563
2017-07-11,345500,351500,342000,350500,121092,0.01008645533141217
2017-07-12,348000,351500,344500,350000,140695,-0.0014265335235378318
2017-07-13,352000,354000,347500,348000,204509,-0.005714285714285672
2017-07-14,349000,361000,348500,358000,211210,0.028735632183908066
2017-07-17,362500,363000,356000,358500,138093,0.0013966480446927498
2017-07-18,359000,359000,355500,358000,69561,-0.001394700139469962
2017-07-19,358500,361500,355000,357000,88912,-0.0027932960893854997
2017-07-20,360000,363000,358500,362000,112869,0.014005602240896309
2017-07-21,360500,363000,354500,362500,151777,0.0013812154696133394
2017-07-24,362000,364500,361000,364000,88790,0.004137931034482678
2017-07-25,364000,371500,360500,366500,184547,0.006868131868131844
2017-07-26,371000,374000,361000,365500,123544,-0.0027285129604365244
2017-07-27,367000,370500,363500,369500,115528,0.010943912448700521
2017-07-28,370000,370000,360000,363000,112455,-0.017591339648173165
2017-07-31,361000,373000,361000,369000,151179,0.016528925619834656
2017-08-01,372500,381500,371000,380500,251147,0.031165311653116534
2017-08-02,381000,383500,375500,383000,129098,0.006570302233902758
2017-08-03,381000,382500,374500,376500,98201,-0.016971279373368175
2017-08-04,376000,395000,376000,394500,249827,0.047808764940239
2017-08-07,396500,402500,393000,393500,136389,-0.0025348542458808465
2017-08-08,393500,394000,382500,386500,124844,-0.017789072426937724
2017-08-09,383000,388000,378500,380000,128004,-0.01681759379042691
2017-08-10,380000,384000,375000,378000,117721,-0.0052631578947368585
2017-08-11,372500,380000,371500,378000,137033,0.0
2017-08-14,383500,392000,381500,389500,139298,0.030423280423280463
2017-08-16,392000,392500,379500,380500,130987,-0.023106546854942178
2017-08-17,381000,391500,379000,387000,84281,0.01708278580814726
2017-08-18,384000,397000,384000,393000,159874,0.015503875968992276
2017-08-21,396500,397500,391500,392500,93004,-0.0012722646310432406
2017-08-22,394000,398500,393000,397500,79676,0.01273885350318471
2017-08-23,398000,401000,387000,391500,83530,-0.015094339622641506
2017-08-24,393000,397000,391500,393000,76022,0.003831417624521105
2017-08-25,391500,392500,387000,389000,82565,-0.010178117048346036
2017-08-28,390000,398500,390000,393000,92846,0.010282776349614497
2017-08-29,390000,393000,386000,393000,73113,0.0
2017-08-30,393000,394000,387500,394000,98634,0.0025445292620864812
2017-08-31,396000,400000,392500,399500,102660,0.013959390862944066
2017-09-01,402000,412000,401500,403000,156390,0.008760951188986343
2017-09-04,399500,413500,399500,410500,153661,0.018610421836228186
2017-09-05,410500,414500,407500,411500,98378,0.0024360535931791105
2017-09-06,411500,416500,402000,404000,108231,-0.018226002430133614
2017-09-07,407000,407500,401500,406000,59653,0.004950495049504955
2017-09-08,405000,405500,398500,403500,74194,-0.006157635467980316
2017-09-11,405500,416500,404000,416500,100134,0.03221809169764556
2017-09-12,419500,419500,412000,415000,61992,-0.0036014405762304635
2017-09-13,418500,422000,413000,414000,99553,-0.002409638554216831
2017-09-14,414000,416500,403000,408500,157701,-0.01328502415458932
2017-09-15,404000,406000,386500,387500,301246,-0.05140758873929008
2017-09-18,385000,394500,383500,388500,140718,0.002580645161290418
2017-09-19,388000,394000,386500,389500,102641,0.002574002574002643
2017-09-20,390000,392000,380500,381000,105961,-0.02182284980744542
2017-09-21,383000,392500,382500,385500,115530,0.011811023622047223
2017-09-22,384000,385500,360500,371000,247099,-0.03761348897535666
2017-09-25,370000,375500,365000,371000,84315,0.0
2017-09-26,370000,379000,369500,373000,86272,0.005390835579514919
2017-09-27,374000,374000,367000,371500,62345,-0.004021447721179627
2017-09-28,370000,381500,367500,378000,113013,0.01749663526244949
2017-09-29,380000,383000,375500,378000,62663,0.0
2017-10-10,382500,388000,378000,384000,109668,0.015873015873015817
2017-10-11,385500,388000,375000,377000,113718,-0.01822916666666663
2017-10-12,378500,386000,377500,377500,134673,0.0013262599469496816
2017-10-13,381500,398000,381000,395000,202758,0.04635761589403975
2017-10-16,401000,407500,398000,403000,157968,0.020253164556962133
2017-10-17,404500,405000,400000,402500,80085,-0.001240694789081842
2017-10-18,402500,406500,397000,400500,75498,-0.004968944099378869
2017-10-19,399500,404000,391000,393500,107782,-0.017478152309613026
2017-10-20,392000,400000,392000,399000,64578,0.013977128335451061
2017-10-23,399000,400000,393500,398500,56218,-0.0012531328320801727
2017-10-24,396000,398500,386500,389000,120864,-0.023839397741530766
2017-10-25,389500,394500,389000,392000,80600,0.007712082262210762
2017-10-26,390000,393000,385500,385500,92042,-0.01658163265306123
2017-10-27,386000,395500,386000,388000,100376,0.006485084306095956
2017-10-30,389000,389500,367000,369500,373636,-0.04768041237113407
2017-10-31,368000,372500,365000,369500,176532,0.0
2017-11-01,368500,378500,368500,376500,194924,0.018944519621109546
2017-11-02,377000,381000,373500,376500,130488,0.0
2017-11-03,377500,380500,374500,377500,90658,0.0026560424966799445
2017-11-06,380500,380500,369000,370500,151445,-0.018543046357615944
2017-11-07,370000,373000,366000,370500,113441,0.0
2017-11-08,371000,372500,367500,368500,80151,-0.005398110661268607
2017-11-09,372500,373000,368500,368500,102758,0.0
2017-11-10,369000,374500,368500,374000,91725,0.014925373134328401
2017-11-13,374000,375500,355000,356000,244307,-0.048128342245989275
2017-11-14,359000,360000,350000,357500,126202,0.004213483146067398
2017-11-15,357500,358000,346000,346500,191040,-0.03076923076923077
2017-11-16,347000,356000,346500,356000,122925,0.02741702741702734
2017-11-17,359000,362000,355000,355500,144988,-0.001404494382022503
2017-11-20,356000,359500,352500,354500,86563,-0.002812939521800284
2017-11-21,356000,356500,350500,352000,98596,-0.007052186177715081
2017-11-22,355000,357000,353000,357000,88706,0.014204545454545414
2017-11-23,359500,360000,352500,353500,72875,-0.009803921568627416
2017-11-24,356500,356500,350000,350500,74030,-0.008486562942008447
2017-11-27,348500,352000,343000,347500,88961,-0.008559201141226769
2017-11-28,347500,357500,347500,355000,97712,0.021582733812949728
2017-11-29,357500,358000,352000,352000,83659,-0.008450704225352101
2017-11-30,356500,361000,352000,358000,124048,0.017045454545454586
2017-12-01,360000,361500,353500,358000,85824,0.0
2017-12-04,361500,370000,361000,369000,145308,0.030726256983240274
2017-12-05,369000,370000,366500,367500,69169,-0.004065040650406471
2017-12-06,369500,369500,362500,363500,62316,-0.010884353741496544
2017-12-07,362000,362500,352500,357000,76972,-0.017881705639614887
2017-12-08,358500,363000,355000,357000,63602,0.0
2017-12-11,358000,368500,358000,364500,111638,0.021008403361344463
2017-12-12,365500,366000,356000,357000,106212,-0.020576131687242816
2017-12-13,357000,365000,355000,365000,62068,0.022408963585434094
2017-12-14,365000,368000,361000,361000,105132,-0.010958904109588996
2017-12-15,361000,368000,361000,364000,73601,0.008310249307479145
2017-12-18,366000,368000,363500,365500,29931,0.004120879120879106
2017-12-19,366000,369500,358000,361000,52276,-0.012311901504788003
2017-12-20,358000,366000,357000,365500,51882,0.012465373961218829
2017-12-21,364000,365500,360000,364500,55821,-0.002735978112175075
2017-12-22,366000,366000,359500,360500,52676,-0.010973936899862813
2017-12-26,360500,365000,360500,362500,63585,0.00554785020804438
2017-12-27,366000,366000,357000,362500,42739,0.0
2017-12-28,362500,368500,360000,368000,43002,0.015172413793103523
2018-01-02,368000,370000,360500,360500,92533,-0.020380434782608647
2018-01-03,360000,368500,360000,363000,81340,0.006934812760055475
2018-01-04,367500,367500,349000,349000,190391,-0.038567493112947604
2018-01-05,351000,352000,348000,351500,99268,0.007163323782235054
2018-01-08,359000,383500,358000,383500,490208,0.09103840682788045
2018-01-09,384000,391000,382500,384500,169318,0.0026075619295957697
2018-01-10,387500,389000,378000,380500,102377,-0.01040312093628093
2018-01-11,385000,391500,381000,383000,141184,0.006570302233902758
2018-01-12,389000,397000,388000,394500,193850,0.030026109660574507
2018-01-15,400000,408500,396500,400500,148493,0.015209125475285079
2018-01-16,398000,400000,388000,395000,88807,-0.013732833957553092
2018-01-17,396000,399000,385000,389500,100485,-0.013924050632911356
2018-01-18,390000,394500,381000,382500,91055,-0.01797175866495504
2018-01-19,382500,389500,382500,387500,92929,0.013071895424836555
2018-01-22,394000,409000,393500,402000,202940,0.03741935483870962
2018-01-23,401000,404500,394500,402000,90114,0.0
2018-01-24,399500,406000,399500,403000,70180,0.0024875621890547706
2018-01-25,401500,417000,401500,415000,164184,0.02977667493796532
2018-01-26,412000,415000,405500,406500,104069,-0.02048192771084334
2018-01-29,410000,426000,409000,423500,163648,0.04182041820418214
2018-01-30,420500,429500,416000,419000,110199,-0.010625737898465215
2018-01-31,411000,421500,401000,420000,133719,0.0023866348448686736
2018-02-01,425000,437500,423000,427500,198092,0.017857142857142794
2018-02-02,428000,431000,417500,417500,112524,-0.023391812865497075
2018-02-05,409000,423000,406500,416000,151172,-0.003592814371257469
2018-02-06,404000,418500,396000,412000,157542,-0.009615384615384581
2018-02-07,416000,420500,391500,392000,202328,-0.04854368932038833
2018-02-08,388000,402500,384000,399000,154739,0.017857142857142794
2018-02-09,403500,427000,399000,418500,297735,0.048872180451127845
2018-02-12,419000,435000,411500,431000,166078,0.029868578255675127
2018-02-13,431000,441000,426000,435500,156528,0.010440835266821269
2018-02-14,426500,441500,425500,435500,117268,0.0
2018-02-19,443500,455500,440000,449500,136608,0.03214695752009189
2018-02-20,447000,453000,443000,453000,82477,0.007786429365962189
2018-02-21,450000,450000,435000,442000,142102,-0.02428256070640178
2018-02-22,435500,448000,429000,442500,128947,0.0011312217194570096
2018-02-23,448000,461000,443500,461000,159729,0.041807909604519855
2018-02-26,468500,469000,458000,468000,111109,0.015184381778741818
2018-02-27,468000,474500,463500,466500,119419,-0.0032051282051281937
2018-02-28,462000,472500,458000,459000,148290,-0.01607717041800638
2018-03-02,452500,475000,452500,474500,149968,0.03376906318082784
2018-03-05,474500,475000,447500,452000,164203,-0.04741833508956794
2018-03-06,451000,458500,441500,446500,183866,-0.012168141592920345
2018-03-07,447000,453500,442500,445000,108495,-0.0033594624860022737
2018-03-08,445000,446000,417000,434000,334703,-0.024719101123595544
2018-03-09,439000,442000,427500,429500,178824,-0.010368663594470084
2018-03-12,434000,435000,424000,428500,139265,-0.002328288707799775
2018-03-13,426500,437000,426000,436500,143337,0.018669778296382722
2018-03-14,430500,449500,428000,442500,134964,0.013745704467353903
2018-03-15,444500,444500,436500,440000,72592,-0.005649717514124242
2018-03-16,437000,437000,423000,425500,177105,-0.03295454545454546
2018-03-19,425500,429500,420500,425500,85959,0.0
2018-03-20,427500,441500,427500,436000,117616,0.024676850763807323
2018-03-21,436000,438000,431000,435500,74662,-0.0011467889908256534
2018-03-22,438500,445000,434000,439500,66173,0.009184845005740572
2018-03-23,428000,437500,427500,430000,80087,-0.021615472127417545
2018-03-26,423000,440500,423000,440500,93789,0.024418604651162745
2018-03-27,448000,454000,444000,446500,98037,0.013620885357548351
2018-03-28,444000,444000,428000,435500,106299,-0.024636058230683044
2018-03-29,435500,443500,429000,433000,88636,-0.00574052812858783
2018-03-30,438000,438500,429500,433000,52200,0.0
2018-04-02,430000,440000,428000,429500,66567,-0.008083140877598205
2018-04-03,428000,435500,426000,434000,59553,0.010477299185098987
2018-04-04,431500,438500,431500,434000,74381,0.0
2018-04-05,439000,456000,438500,447000,128078,0.02995391705069128
2018-04-06,447000,448000,437500,442500,71582,-0.010067114093959773
2018-04-09,437000,441000,432000,438500,75713,-0.009039548022598876
2018-04-10,438000,439500,426000,430000,121276,-0.019384264538198415
2018-04-11,430000,432000,421000,426000,107967,-0.009302325581395321
2018-04-12,426500,433000,426500,428000,95995,0.0046948356807512415
2018-04-13,428000,437000,424000,424000,123537,-0.009345794392523366
2018-04-16,423000,427000,401500,408000,199615,-0.037735849056603765
2018-04-17,409000,416500,408500,410500,90157,0.006127450980392135
2018-04-18,415000,419500,410000,413000,97031,0.006090133982947554
2018-04-19,411000,411500,401500,401500,140792,-0.02784503631961255
2018-04-20,404000,409500,403500,409000,76200,0.018679950186799577
2018-04-23,405500,407500,401500,402000,81632,-0.017114914425427896
2018-04-24,405500,408500,401500,406500,63324,0.011194029850746245
2018-04-25,407000,408000,395000,403000,98599,-0.008610086100861003
2018-04-26,402500,413500,400000,411000,84234,0.01985111662531014
2018-04-27,411500,416500,402500,404500,73068,-0.015815085158150888
2018-04-30,403000,415000,403000,414000,56218,0.023485784919653918
2018-05-02,415000,416500,397000,400000,121493,-0.033816425120772986
2018-05-03,397000,417500,393000,406000,135438,0.014999999999999902
2018-05-04,402500,404000,385000,385000,163487,-0.051724137931034475
2018-05-08,385500,388500,373500,386000,151670,0.0025974025974024872
2018-05-09,386500,391000,381500,389000,85771,0.007772020725388629
2018-05-10,389000,391500,380500,383000,116434,-0.015424164524421635
2018-05-11,384000,393000,382500,387000,84894,0.010443864229765065
2018-05-14,390000,398500,389000,394500,95075,0.019379844961240345
2018-05-15,390000,392500,378000,379500,133781,-0.03802281368821292
2018-05-16,379500,390000,379000,379500,92505,0.0
2018-05-17,382000,386000,375500,377500,86457,-0.005270092226614009
2018-05-18,379500,390000,379500,384000,124238,0.017218543046357615
2018-05-21,391000,394500,384000,391500,152353,0.01953125
2018-05-23,390000,390000,376000,377500,168349,-0.03575989782886335
2018-05-24,377500,380500,365500,368000,141353,-0.025165562913907258
2018-05-25,371500,374000,364500,367000,113274,-0.0027173913043477826
2018-05-28,368000,384000,368000,380000,162542,0.03542234332425065
2018-05-29,382000,382000,373000,373000,82727,-0.018421052631578894
2018-05-30,371000,376500,361500,363000,107516,-0.02680965147453085
2018-05-31,371500,376000,363000,368500,251808,0.015151515151515138
2018-06-01,366500,370500,362000,363000,91435,-0.014925373134328401
2018-06-04,368500,378000,363500,376500,133516,0.037190082644628086
2018-06-05,379500,383500,370500,372500,92855,-0.010624169986719778
2018-06-07,378000,381500,370500,372000,114818,-0.0013422818791946067
2018-06-08,372000,384000,370000,381000,151653,0.024193548387096753
2018-06-11,382000,383000,375500,381000,74839,0.0
2018-06-12,380000,382500,377000,380500,68967,-0.001312335958005284
2018-06-14,380000,380500,363000,363000,240480,-0.04599211563731931
2018-06-15,363500,367000,361000,365500,128297,0.00688705234159781
2018-06-18,365500,374500,365000,369500,118122,0.010943912448700521
2018-06-19,368000,369500,350000,354000,197082,-0.041948579161028454
2018-06-20,354000,359000,348000,353000,150683,-0.0028248587570621764
2018-06-21,351000,355500,342500,345500,127942,-0.021246458923512734
2018-06-22,340500,349000,335500,348000,108203,0.00723589001447178
2018-06-25,349000,352000,348000,350500,84034,0.007183908045977017
2018-06-26,349000,353500,346000,352000,86815,0.004279600570613384
2018-06-27,348000,349000,331500,338500,266875,-0.03835227272727271
2018-06-28,340000,347000,336500,337500,104997,-0.002954209748892156
2018-06-29,340500,348000,329000,348000,164880,0.03111111111111109
2018-07-02,346500,347500,328500,330000,139554,-0.051724137931034475
2018-07-03,330500,336000,321500,328000,141959,-0.0060606060606061
2018-07-04,325000,331000,322500,324000,75743,-0.012195121951219523
2018-07-05,325000,330000,322500,329000,62738,0.015432098765432167
2018-07-06,327000,333500,319000,330000,168927,0.003039513677811634
2018-07-09,332000,342000,330500,340000,101730,0.030303030303030276
2018-07-10,337000,345500,337000,341500,96868,0.004411764705882337
2018-07-11,336000,346000,334500,335000,78027,-0.019033674963396807
2018-07-12,338500,348000,338000,346500,149499,0.0343283582089553
2018-07-13,346000,351000,342500,344000,61296,-0.00721500721500723
2018-07-16,343000,350000,340000,344500,68678,0.0014534883720929148
2018-07-17,348000,349000,330000,332500,122585,-0.03483309143686497
2018-07-18,336000,345500,336000,338500,82443,0.018045112781954975
2018-07-19,340000,350000,337500,338000,83184,-0.001477104874446078
2018-07-20,338000,341500,333000,336000,62161,-0.00591715976331364
2018-07-23,340000,340500,331500,332000,72174,-0.011904761904761862
2018-07-24,336500,338000,329500,338000,54832,0.01807228915662651
2018-07-25,337500,351000,332000,335000,113745,-0.00887573964497046
2018-07-26,341500,354000,338000,353500,137756,0.055223880597014885
2018-07-27,355000,355000,350000,352500,68660,-0.0028288543140028155
2018-07-30,350000,354500,346000,354000,74641,0.004255319148936065
2018-07-31,355500,362000,351500,359500,118695,0.015536723163841915
2018-08-01,359500,360000,337000,338500,240735,-0.05841446453407506
2018-08-02,338000,338500,328500,330000,148059,-0.025110782865583436
2018-08-03,330000,333000,325500,331000,114616,0.003030303030302939
2018-08-06,329500,337500,327500,334500,157183,0.010574018126888296
2018-08-07,338000,350500,335000,347500,250807,0.038863976083707064
2018-08-08,347000,358500,347000,352500,171292,0.014388489208633004
2018-08-09,350000,358000,343000,343000,167705,-0.026950354609929117
2018-08-10,344500,354500,343500,344500,138057,0.004373177842565523
2018-08-13,344500,354000,343000,347000,110102,0.007256894049346929
2018-08-14,347500,349500,336000,340000,116041,-0.02017291066282423
2018-08-16,336000,343500,329500,340000,118754,0.0
2018-08-17,340500,343000,336000,336000,88293,-0.0117647058823529
2018-08-20,340000,342000,336500,338000,75334,0.005952380952380931
2018-08-21,336500,337000,329000,331500,153070,-0.019230769230769273
2018-08-22,332000,332500,312500,315000,413988,-0.04977375565610864
2018-08-23,316000,316000,305500,311000,297695,-0.012698412698412653
2018-08-24,309000,313000,304000,311500,146181,0.001607717041800738
2018-08-27,309500,317000,309500,311000,175243,-0.0016051364365970988
2018-08-28,314000,325500,314000,321500,230821,0.0337620578778135
2018-08-29,322500,327500,320500,322500,115629,0.0031104199066873672
2018-08-30,321000,321500,315500,316500,154875,-0.018604651162790753
2018-08-31,316000,316000,311500,316000,105825,-0.0015797788309637184
2018-09-03,315500,316000,311500,312000,120087,-0.012658227848101222
2018-09-04,313500,314500,304000,308500,192140,-0.011217948717948678
2018-09-05,308500,308500,300000,300500,213957,-0.02593192868719607
2018-09-06,300500,305500,297500,297500,138906,-0.009983361064891838
2018-09-07,299500,304000,297000,302500,118930,0.01680672268907557
2018-09-10,300500,303500,299000,300000,92985,-0.008264462809917328
2018-09-11,300000,300000,285500,287500,347855,-0.04166666666666663
2018-09-12,284500,290000,277000,288000,275191,0.0017391304347826875
2018-09-13,291000,296500,286000,286000,253043,-0.00694444444444442
2018-09-14,285000,293000,285000,290500,120057,0.01573426573426584
2018-09-17,288000,289500,283500,286500,83779,-0.013769363166953541
2018-09-18,284500,291500,283500,286000,146092,-0.0017452006980802626
2018-09-19,288500,293500,284000,286000,149132,0.0
2018-09-20,285500,285500,277000,283500,273259,-0.00874125874125875
2018-09-21,286500,287000,279000,284000,135055,0.0017636684303350414
2018-09-27,281500,282000,276000,277000,216757,-0.02464788732394363
2018-09-28,277500,280000,277000,278000,130560,0.0036101083032491488
2018-10-01,278000,283000,273000,273500,146439,-0.01618705035971224
2018-10-02,272500,276500,271000,274500,104710,0.003656307129798808
2018-10-04,274500,274500,255000,257000,359452,-0.063752276867031
2018-10-05,255000,263500,253500,262500,197454,0.021400778210116655
2018-10-08,266000,278000,265500,270500,268886,0.030476190476190546
2018-10-10,273500,276000,267000,271500,8154268,0.003696857670979714
2018-10-11,268000,278000,263000,268000,316757,-0.012891344383057057
2018-10-12,264500,273000,262000,269000,165301,0.003731343283582156
2018-10-15,269500,270000,262000,266000,101782,-0.01115241635687736
2018-10-16,267000,269500,263500,266500,90221,0.001879699248120259
2018-10-17,268000,274500,267000,271000,93263,0.016885553470919357
2018-10-18,271000,273000,256500,257500,159115,-0.04981549815498154
2018-10-19,254500,260500,250000,260000,163182,0.009708737864077666
2018-10-22,260000,263500,252500,262000,82049,0.007692307692307665
2018-10-23,261000,263000,254000,256000,131843,-0.022900763358778664
2018-10-24,262000,274500,262000,272500,282081,0.064453125
2018-10-25,269500,281500,261500,281000,332452,0.031192660550458662
2018-10-26,283000,283000,265000,268000,189936,-0.0462633451957295
2018-10-29,269000,274500,255000,255500,188029,-0.04664179104477617
2018-10-30,250500,259000,247000,254000,140517,-0.005870841487279899
2018-10-31,255500,265500,248500,262500,144762,0.0334645669291338
2018-11-01,265000,274000,261000,265000,151966,0.00952380952380949
2018-11-02,272000,289500,270500,285500,364391,0.07735849056603783
2018-11-05,283500,285000,274000,284500,169994,-0.003502626970227629
2018-11-06,283000,284000,277000,280500,103334,-0.01405975395430581
2018-11-07,279500,283000,277500,278500,114486,-0.007130124777183555
2018-11-08,283500,286000,276500,278500,150174,0.0
2018-11-09,276000,287000,276000,281500,155264,0.010771992818671361
2018-11-12,287000,288500,278000,286000,135910,0.015985790408525657
2018-11-13,281500,283500,275500,280000,95260,-0.020979020979020935
2018-11-14,289000,296500,286500,290500,248689,0.03750000000000009
2018-11-15,289500,297500,288000,295000,167086,0.015490533562822817
2018-11-16,296000,297000,289000,293500,113071,-0.005084745762711895
2018-11-19,290500,296000,286000,291500,156883,-0.006814310051107331
2018-11-20,288500,290500,278000,279000,148924,-0.04288164665523153
2018-11-21,280500,284500,278500,283500,119902,0.016129032258064502
2018-11-22,284000,285000,278500,284500,86915,0.003527336860670305
2018-11-23,284500,288000,276000,277500,73661,-0.024604569420035194
2018-11-26,281500,292500,277000,291500,176942,0.05045045045045038
2018-11-27,290000,291500,285000,287000,90608,-0.015437392795883409
2018-11-28,288000,288000,273500,276000,242287,-0.0383275261324042
2018-11-29,280000,283500,274000,275500,163571,-0.0018115942028985588
2018-11-30,277000,278000,270500,272500,171723,-0.010889292196007205
2018-12-03,278000,293500,278000,288500,367898,0.05871559633027523
2018-12-04,288500,290000,282500,285500,118190,-0.010398613518197597
2018-12-05,279500,285000,275000,279500,125804,-0.021015761821365997
2018-12-06,278000,287500,277500,279500,129819,0.0
2018-12-07,280500,282000,277000,278500,63322,-0.003577817531305927
2018-12-10,273000,274500,262000,266000,188927,-0.044883303411131115
2018-12-11,267000,271000,264500,265500,87222,-0.001879699248120259
2018-12-12,265500,268500,263500,267000,112257,0.005649717514124353
2018-12-13,270500,276000,267000,273500,156157,0.02434456928838946
2018-12-14,275000,278500,269000,272000,79873,-0.005484460694698323
2018-12-17,274000,275000,270500,274500,56727,0.009191176470588314
2018-12-18,272500,276500,268000,268500,91743,-0.021857923497267784
2018-12-19,277500,281500,274500,281500,154744,0.04841713221601496
2018-12-20,277500,281000,274500,278000,80582,-0.01243339253996445
2018-12-21,280000,286500,279000,283500,123112,0.019784172661870603
2018-12-24,284000,292000,280500,291500,148530,0.02821869488536155
2018-12-26,286500,297000,285500,295500,179050,0.013722126929674117
2018-12-27,291000,292000,278000,279500,210430,-0.05414551607445006
2018-12-28,281000,283500,274000,277000,101456,-0.008944543828264706
2019-01-02,277500,283500,274500,275000,111841,-0.0072202166064981865
2019-01-03,277000,277500,266000,267500,97431,-0.027272727272727226
2019-01-04,263000,265000,251000,256500,261091,-0.04112149532710285
2019-01-07,265500,279000,261000,272500,224976,0.06237816764132553
2019-01-08,276500,276500,263000,263000,107111,-0.034862385321100864
2019-01-09,264000,274000,261500,272000,135380,0.034220532319391594
2019-01-10,269000,271000,264500,265000,124741,-0.02573529411764708
2019-01-11,266000,273000,264000,272500,128423,0.028301886792452935
2019-01-14,272500,274000,264000,265000,117457,-0.02752293577981646
2019-01-15,266000,269500,264000,268500,103833,0.013207547169811429
2019-01-16,269000,277500,268500,276500,188534,0.029795158286778367
2019-01-17,277500,285000,277500,282500,200586,0.02169981916817365
2019-01-18,285000,287500,280000,281500,131183,-0.0035398230088495852
2019-01-21,287000,294500,287000,292000,199448,0.03730017761989335
2019-01-22,293000,296000,289500,290500,122341,-0.005136986301369828
2019-01-23,289000,291000,283500,288000,120067,-0.008605851979345935
2019-01-24,287500,290000,284500,288500,59180,0.0017361111111111605
2019-01-25,288000,300000,287000,298500,177792,0.03466204506065851
